00000000000000000000000011100000
00000000000000000000000000000010
00001111000000000000000000000000
00000000000000000000001100000000
01100000000000001100000000000000
00000000001100000000000000000000
00000000000000000000011110000000
00011111111111100000000000000000
00000000000000011111111111111111
00000000000000111100000000000000
00000000000000000000001110000000
00000111000000000000000000000000
00000000000000110000000000000000
00000000000000000000000111111111
11111110000000000000000000000000
00000000011110000000000000000000
00000000000000011111000000000000
00000000000000000011111100000000
00000000000000000000000000111111
11000000000000000000000000000000
00000011111111111111111111111000
11111110000000000000000000000000
00000000000000000000000000011111
11000000000000000000000000000111
00000011111111111111111000000000
00000000000000000000001111111111
00000000000000000000000000000011
00000000000000000000000000001111
00000000000000000000000000000000
00000000000000000000000000000000
00000000000000000000000000000000
00000000000000000000000000000000
00000000000000000000000000000000
00000000000000000000000000000000
00000000000000000000000000000000
00000000000000000000000000000000
00000000000000000000000000000000
00000000000000000000000000000000
00000000000000000000000000000000
00000000000000000000000000000000
00000000000000000000000000000000
00000000000000000000000000000000
00000000000000000000000000000000
00000000000000000000000000000000
00000000000000000000000000000000
00000000000000000000000000000000
00000000000000000000000000000000
00000000000000000000000000000000
00000000000000000000000000000000
00000000000000000000000000000000
00000000000000000000000000000000
00000000000000000000000000000000
00000000000000000000000000000000
00000000000000000000000000000000
00000000000000000000000000000000
00000000000000000000000000000000
00000000000000000000000000000000
00000000000000000000000000000000
00000000000000000000000000000000
00000000000000000000000000000000
00000000000000000000000000000000
00000000000000000000000000000000
00000000000000000000000000000000
00000000000000000000000000000000